%YAML:1.0
---
model_type: PINHOLE
camera_name: camera
image_width: 640
image_height: 480
distortion_parameters:
   k1: 0.00047
   k2: -0.0013
   p1: 0.0
   p2: 0.0
projection_parameters:
   fx: 385.0901
   fy: 384.0541
   cx: 327.0354
   cy: 240.2405
